-22 -22 -22
-22 -22 -21
-22 -22 -20
-22 -22 -19
-22 -22 -18
-22 -22 -17
-22 -22 -16
-22 -22 -15
-22 -22 -14
-22 -22 -13
-22 -22 -12
-22 -22 -11
-22 -22 -10
-22 -22 -9
-22 -22 -8
-22 -22 -7
-22 -22 -6
-22 -22 -5
-22 -22 -4
-22 -22 -3
-22 -22 -2
-22 -22 -1
-22 -22 0
-22 -22 1
-22 -22 2
-22 -22 3
-22 -22 4
-22 -22 5
-22 -22 6
-22 -22 7
-22 -22 8
-22 -22 9
-22 -22 10
-22 -22 11
-22 -22 12
-22 -22 13
-22 -22 14
-22 -22 15
-22 -22 16
-22 -22 17
-22 -22 18
-22 -22 19
-22 -22 20
-22 -22 21
-22 -22 22
-22 -21 22
-22 -21 21
-22 -21 20
-22 -21 19
-22 -21 18
-22 -21 17
-22 -21 16
-22 -21 15
-22 -21 14
-22 -21 13
-22 -21 12
-22 -21 11
-22 -21 10
-22 -21 9
-22 -21 8
-22 -21 7
-22 -21 6
-22 -21 5
-22 -21 4
-22 -21 3
-22 -21 2
-22 -21 1
-22 -21 0
-22 -21 -1
-22 -21 -2
-22 -21 -3
-22 -21 -4
-22 -21 -5
-22 -21 -6
-22 -21 -7
-22 -21 -8
-22 -21 -9
-22 -21 -10
-22 -21 -11
-22 -21 -12
-22 -21 -13
-22 -21 -14
-22 -21 -15
-22 -21 -16
-22 -21 -17
-22 -21 -18
-22 -21 -19
-22 -21 -20
-22 -21 -21
-22 -21 -22
-22 -20 -22
-22 -20 -21
-22 -20 -20
-22 -20 -19
-22 -20 -18
-22 -20 -17
-22 -20 -16
-22 -20 -15
-22 -20 -14
-22 -20 -13
-22 -20 -12
-22 -20 -11
-22 -20 -10
-22 -20 -9
-22 -20 -8
-22 -20 -7
-22 -20 -6
-22 -20 -5
-22 -20 -4
-22 -20 -3
-22 -20 -2
-22 -20 -1
-22 -20 0
-22 -20 1
-22 -20 2
-22 -20 3
-22 -20 4
-22 -20 5
-22 -20 6
-22 -20 7
-22 -20 8
-22 -20 9
-22 -20 10
-22 -20 11
-22 -20 12
-22 -20 13
-22 -20 14
-22 -20 15
-22 -20 16
-22 -20 17
-22 -20 18
-22 -20 19
-22 -20 20
-22 -20 21
-22 -20 22
-22 -19 22
-22 -19 21
-22 -19 20
-22 -19 19
-22 -19 18
-22 -19 17
-22 -19 16
-22 -19 15
-22 -19 14
-22 -19 13
-22 -19 12
-22 -19 11
-22 -19 10
-22 -19 9
-22 -19 8
-22 -19 7
-22 -19 6
-22 -19 5
-22 -19 4
-22 -19 3
-22 -19 2
-22 -19 1
-22 -19 0
-22 -19 -1
-22 -19 -2
-22 -19 -3
-22 -19 -4
-22 -19 -5
-22 -19 -6
-22 -19 -7
-22 -19 -8
-22 -19 -9
-22 -19 -10
-22 -19 -11
-22 -19 -12
-22 -19 -13
-22 -19 -14
-22 -19 -15
-22 -19 -16
-22 -19 -17
-22 -19 -18
-22 -19 -19
-22 -19 -20
-22 -19 -21
-22 -19 -22
-22 -18 -22
-22 -18 -21
-22 -18 -20
-22 -18 -19
-22 -18 -18
-22 -18 -17
-22 -18 -16
-22 -18 -15
-22 -18 -14
-22 -18 -13
-22 -18 -12
-22 -18 -11
-22 -18 -10
-22 -18 -9
-22 -18 -8
-22 -18 -7
-22 -18 -6
-22 -18 -5
-22 -18 -4
-22 -18 -3
-22 -18 -2
-22 -18 -1
-22 -18 0
-22 -18 1
-22 -18 2
-22 -18 3
-22 -18 4
-22 -18 5
-22 -18 6
-22 -18 7
-22 -18 8
-22 -18 9
-22 -18 10
-22 -18 11
-22 -18 12
-22 -18 13
-22 -18 14
-22 -18 15
-22 -18 16
-22 -18 17
-22 -18 18
-22 -18 19
-22 -18 20
-22 -18 21
-22 -18 22
-22 -17 22
-22 -17 21
-22 -17 20
-22 -17 19
-22 -17 18
-22 -17 17
-22 -17 16
-22 -17 15
-22 -17 14
-22 -17 13
-22 -17 12
-22 -17 11
-22 -17 10
-22 -17 9
-22 -17 8
-22 -17 7
-22 -17 6
-22 -17 5
-22 -17 4
-22 -17 3
-22 -17 2
-22 -17 1
-22 -17 0
-22 -17 -1
-22 -17 -2
-22 -17 -3
-22 -17 -4
-22 -17 -5
-22 -17 -6
-22 -17 -7
-22 -17 -8
-22 -17 -9
-22 -17 -10
-22 -17 -11
-22 -17 -12
-22 -17 -13
-22 -17 -14
-22 -17 -15
-22 -17 -16
-22 -17 -17
-22 -17 -18
-22 -17 -19
-22 -17 -20
-22 -17 -21
-22 -17 -22
-22 -16 -22
-22 -16 -21
-22 -16 -20
-22 -16 -19
-22 -16 -18
-22 -16 -17
-22 -16 -16
-22 -16 -15
-22 -16 -14
-22 -16 -13
-22 -16 -12
-22 -16 -11
-22 -16 -10
-22 -16 -9
-22 -16 -8
-22 -16 -7
-22 -16 -6
-22 -16 -5
-22 -16 -4
-22 -16 -3
-22 -16 -2
-22 -16 -1
-22 -16 0
-22 -16 1
-22 -16 2
-22 -16 3
-22 -16 4
-22 -16 5
-22 -16 6
-22 -16 7
-22 -16 8
-22 -16 9
-22 -16 10
-22 -16 11
-22 -16 12
-22 -16 13
-22 -16 14
-22 -16 15
-22 -16 16
-22 -16 17
-22 -16 18
-22 -16 19
-22 -16 20
-22 -16 21
-22 -16 22
-22 -15 22
-22 -15 21
-22 -15 20
-22 -15 19
-22 -15 18
-22 -15 17
-22 -15 16
-22 -15 15
-22 -15 14
-22 -15 13
-22 -15 12
-22 -15 11
-22 -15 10
-22 -15 9
-22 -15 8
-22 -15 7
-22 -15 6
-22 -15 5
-22 -15 4
-22 -15 3
-22 -15 2
-22 -15 1
-22 -15 0
-22 -15 -1
-22 -15 -2
-22 -15 -3
-22 -15 -4
-22 -15 -5
-22 -15 -6
-22 -15 -7
-22 -15 -8
-22 -15 -9
-22 -15 -10
-22 -15 -11
-22 -15 -12
-22 -15 -13
-22 -15 -14
-22 -15 -15
-22 -15 -16
-22 -15 -17
-22 -15 -18
-22 -15 -19
-22 -15 -20
-22 -15 -21
-22 -15 -22
-22 -14 -22
-22 -14 -21
-22 -14 -20
-22 -14 -19
-22 -14 -18
-22 -14 -17
-22 -14 -16
-22 -14 -15
-22 -14 -14
-22 -14 -13
-22 -14 -12
-22 -14 -11
-22 -14 -10
-22 -14 -9
-22 -14 -8
-22 -14 -7
-22 -14 -6
-22 -14 -5
-22 -14 -4
-22 -14 -3
-22 -14 -2
-22 -14 -1
-22 -14 0
-22 -14 1
-22 -14 2
-22 -14 3
-22 -14 4
-22 -14 5
-22 -14 6
-22 -14 7
-22 -14 8
-22 -14 9
-22 -14 10
-22 -14 11
-22 -14 12
-22 -14 13
-22 -14 14
-22 -14 15
-22 -14 16
-22 -14 17
-22 -14 18
-22 -14 19
-22 -14 20
-22 -14 21
-22 -14 22
-22 -13 22
-22 -13 21
-22 -13 20
-22 -13 19
-22 -13 18
-22 -13 17
-22 -13 16
-22 -13 15
-22 -13 14
-22 -13 13
-22 -13 12
-22 -13 11
-22 -13 10
-22 -13 9
-22 -13 8
-22 -13 7
-22 -13 6
-22 -13 5
-22 -13 4
-22 -13 3
-22 -13 2
-22 -13 1
-22 -13 0
-22 -13 -1
-22 -13 -2
-22 -13 -3
-22 -13 -4
-22 -13 -5
-22 -13 -6
-22 -13 -7
-22 -13 -8
-22 -13 -9
-22 -13 -10
-22 -13 -11
-22 -13 -12
-22 -13 -13
-22 -13 -14
-22 -13 -15
-22 -13 -16
-22 -13 -17
-22 -13 -18
-22 -13 -19
-22 -13 -20
-22 -13 -21
-22 -13 -22
-22 -12 -22
-22 -12 -21
-22 -12 -20
-22 -12 -19
-22 -12 -18
-22 -12 -17
-22 -12 -16
-22 -12 -15
-22 -12 -14
-22 -12 -13
-22 -12 -12
-22 -12 -11
-22 -12 -10
-22 -12 -9
-22 -12 -8
-22 -12 -7
-22 -12 -6
-22 -12 -5
-22 -12 -4
-22 -12 -3
-22 -12 -2
-22 -12 -1
-22 -12 0
-22 -12 1
-22 -12 2
-22 -12 3
-22 -12 4
-22 -12 5
-22 -12 6
-22 -12 7
-22 -12 8
-22 -12 9
-22 -12 10
-22 -12 11
-22 -12 12
-22 -12 13
-22 -12 14
-22 -12 15
-22 -12 16
-22 -12 17
-22 -12 18
-22 -12 19
-22 -12 20
-22 -12 21
-22 -12 22
-22 -11 22
-22 -11 21
-22 -11 20
-22 -11 19
-22 -11 18
-22 -11 17
-22 -11 16
-22 -11 15
-22 -11 14
-22 -11 13
-22 -11 12
-22 -11 11
-22 -11 10
-22 -11 9
-22 -11 8
-22 -11 7
-22 -11 6
-22 -11 5
-22 -11 4
-22 -11 3
-22 -11 2
-22 -11 1
-22 -11 0
-22 -11 -1
-22 -11 -2
-22 -11 -3
-22 -11 -4
-22 -11 -5
-22 -11 -6
-22 -11 -7
-22 -11 -8
-22 -11 -9
-22 -11 -10
-22 -11 -11
-22 -11 -12
-22 -11 -13
-22 -11 -14
-22 -11 -15
-22 -11 -16
-22 -11 -17
-22 -11 -18
-22 -11 -19
-22 -11 -20
-22 -11 -21
-22 -11 -22
-22 -10 -22
-22 -10 -21
-22 -10 -20
-22 -10 -19
-22 -10 -18
-22 -10 -17
-22 -10 -16
-22 -10 -15
-22 -10 -14
-22 -10 -13
-22 -10 -12
-22 -10 -11
-22 -10 -10
-22 -10 -9
-22 -10 -8
-22 -10 -7
-22 -10 -6
-22 -10 -5
-22 -10 -4
-22 -10 -3
-22 -10 -2
-22 -10 -1
-22 -10 0
-22 -10 1
-22 -10 2
-22 -10 3
-22 -10 4
-22 -10 5
-22 -10 6
-22 -10 7
-22 -10 8
-22 -10 9
-22 -10 10
-22 -10 11
-22 -10 12
-22 -10 13
-22 -10 14
-22 -10 15
-22 -10 16
-22 -10 17
-22 -10 18
-22 -10 19
-22 -10 20
-22 -10 21
-22 -10 22
-22 -9 22
-22 -9 21
-22 -9 20
-22 -9 19
-22 -9 18
-22 -9 17
-22 -9 16
-22 -9 15
-22 -9 14
-22 -9 13
-22 -9 12
-22 -9 11
-22 -9 10
-22 -9 9
-22 -9 8
-22 -9 7
-22 -9 6
-22 -9 5
-22 -9 4
-22 -9 3
-22 -9 2
-22 -9 1
-22 -9 0
-22 -9 -1
-22 -9 -2
-22 -9 -3
-22 -9 -4
-22 -9 -5
-22 -9 -6
-22 -9 -7
-22 -9 -8
-22 -9 -9
-22 -9 -10
-22 -9 -11
-22 -9 -12
-22 -9 -13
-22 -9 -14
-22 -9 -15
-22 -9 -16
-22 -9 -17
-22 -9 -18
-22 -9 -19
-22 -9 -20
-22 -9 -21
-22 -9 -22
-22 -8 -22
-22 -8 -21
-22 -8 -20
-22 -8 -19
-22 -8 -18
-22 -8 -17
-22 -8 -16
-22 -8 -15
-22 -8 -14
-22 -8 -13
-22 -8 -12
-22 -8 -11
-22 -8 -10
-22 -8 -9
-22 -8 -8
-22 -8 -7
-22 -8 -6
-22 -8 -5
-22 -8 -4
-22 -8 -3
-22 -8 -2
-22 -8 -1
-22 -8 0
-22 -8 1
-22 -8 2
-22 -8 3
-22 -8 4
-22 -8 5
-22 -8 6
-22 -8 7
-22 -8 8
-22 -8 9
-22 -8 10
-22 -8 11
-22 -8 12
-22 -8 13
-22 -8 14
-22 -8 15
-22 -8 16
-22 -8 17
-22 -8 18
-22 -8 19
-22 -8 20
-22 -8 21
-22 -8 22
-22 -7 22
-22 -7 21
-22 -7 20
-22 -7 19
-22 -7 18
-22 -7 17
-22 -7 16
-22 -7 15
-22 -7 14
-22 -7 13
-22 -7 12
-22 -7 11
-22 -7 10
-22 -7 9
-22 -7 8
-22 -7 7
-22 -7 6
-22 -7 5
-22 -7 4
-22 -7 3
-22 -7 2
-22 -7 1
-22 -7 0
-22 -7 -1
-22 -7 -2
-22 -7 -3
-22 -7 -4
-22 -7 -5
-22 -7 -6
-22 -7 -7
-22 -7 -8
-22 -7 -9
-22 -7 -10
-22 -7 -11
-22 -7 -12
-22 -7 -13
-22 -7 -14
-22 -7 -15
-22 -7 -16
-22 -7 -17
-22 -7 -18
-22 -7 -19
-22 -7 -20
-22 -7 -21
-22 -7 -22
-22 -6 -22
-22 -6 -21
-22 -6 -20
-22 -6 -19
-22 -6 -18
-22 -6 -17
-22 -6 -16
-22 -6 -15
-22 -6 -14
-22 -6 -13
-22 -6 -12
-22 -6 -11
-22 -6 -10
-22 -6 -9
-22 -6 -8
-22 -6 -7
-22 -6 -6
-22 -6 -5
-22 -6 -4
-22 -6 -3
-22 -6 -2
-22 -6 -1
-22 -6 0
-22 -6 1
-22 -6 2
-22 -6 3
-22 -6 4
-22 -6 5
-22 -6 6
-22 -6 7
-22 -6 8
-22 -6 9
-22 -6 10
-22 -6 11
-22 -6 12
-22 -6 13
-22 -6 14
-22 -6 15
-22 -6 16
-22 -6 17
-22 -6 18
-22 -6 19
-22 -6 20
-22 -6 21
-22 -6 22
-22 -5 22
-22 -5 21
-22 -5 20
-22 -5 19
-22 -5 18
-22 -5 17
-22 -5 16
-22 -5 15
-22 -5 14
-22 -5 13
-22 -5 12
-22 -5 11
-22 -5 10
-22 -5 9
-22 -5 8
-22 -5 7
-22 -5 6
-22 -5 5
-22 -5 4
-22 -5 3
-22 -5 2
-22 -5 1
-22 -5 0
-22 -5 -1
-22 -5 -2
-22 -5 -3
-22 -5 -4
-22 -5 -5
-22 -5 -6
-22 -5 -7
-22 -5 -8
-22 -5 -9
-22 -5 -10
-22 -5 -11
-22 -5 -12
-22 -5 -13
-22 -5 -14
-22 -5 -15
-22 -5 -16
-22 -5 -17
-22 -5 -18
-22 -5 -19
-22 -5 -20
-22 -5 -21
-22 -5 -22
-22 -4 -22
-22 -4 -21
-22 -4 -20
-22 -4 -19
-22 -4 -18
-22 -4 -17
-22 -4 -16
-22 -4 -15
-22 -4 -14
-22 -4 -13
-22 -4 -12
-22 -4 -11
-22 -4 -10
-22 -4 -9
-22 -4 -8
-22 -4 -7
-22 -4 -6
-22 -4 -5
-22 -4 -4
-22 -4 -3
-22 -4 -2
-22 -4 -1
-22 -4 0
-22 -4 1
-22 -4 2
-22 -4 3
-22 -4 4
-22 -4 5
-22 -4 6
-22 -4 7
-22 -4 8
-22 -4 9
-22 -4 10
-22 -4 11
-22 -4 12
-22 -4 13
-22 -4 14
-22 -4 15
-22 -4 16
-22 -4 17
-22 -4 18
-22 -4 19
-22 -4 20
-22 -4 21
-22 -4 22
-22 -3 22
-22 -3 21
-22 -3 20
-22 -3 19
-22 -3 18
-22 -3 17
-22 -3 16
-22 -3 15
-22 -3 14
-22 -3 13
-22 -3 12
-22 -3 11
-22 -3 10
-22 -3 9
-22 -3 8
-22 -3 7
-22 -3 6
-22 -3 5
-22 -3 4
-22 -3 3
-22 -3 2
-22 -3 1
-22 -3 0
-22 -3 -1
-22 -3 -2
-22 -3 -3
-22 -3 -4
-22 -3 -5
-22 -3 -6
-22 -3 -7
-22 -3 -8
-22 -3 -9
-22 -3 -10
-22 -3 -11
-22 -3 -12
-22 -3 -13
-22 -3 -14
-22 -3 -15
-22 -3 -16
-22 -3 -17
-22 -3 -18
-22 -3 -19
-22 -3 -20
-22 -3 -21
-22 -3 -22
-22 -2 -22
-22 -2 -21
-22 -2 -20
-22 -2 -19
-22 -2 -18
-22 -2 -17
-22 -2 -16
-22 -2 -15
-22 -2 -14
-22 -2 -13
-22 -2 -12
-22 -2 -11
-22 -2 -10
-22 -2 -9
-22 -2 -8
-22 -2 -7
-22 -2 -6
-22 -2 -5
-22 -2 -4
-22 -2 -3
-22 -2 -2
-22 -2 -1
-22 -2 0
-22 -2 1
-22 -2 2
-22 -2 3
-22 -2 4
-22 -2 5
-22 -2 6
-22 -2 7
-22 -2 8
-22 -2 9
-22 -2 10
-22 -2 11
-22 -2 12
-22 -2 13
-22 -2 14
-22 -2 15
-22 -2 16
-22 -2 17
-22 -2 18
-22 -2 19
-22 -2 20
-22 -2 21
-22 -2 22
-22 -1 22
-22 -1 21
-22 -1 20
-22 -1 19
-22 -1 18
-22 -1 17
-22 -1 16
-22 -1 15
-22 -1 14
-22 -1 13
-22 -1 12
-22 -1 11
-22 -1 10
-22 -1 9
-22 -1 8
-22 -1 7
-22 -1 6
-22 -1 5
-22 -1 4
-22 -1 3
-22 -1 2
-22 -1 1
-22 -1 0
-22 -1 -1
-22 -1 -2
-22 -1 -3
-22 -1 -4
-22 -1 -5
-22 -1 -6
-22 -1 -7
-22 -1 -8
-22 -1 -9
-22 -1 -10
-22 -1 -11
-22 -1 -12
-22 -1 -13
-22 -1 -14
-22 -1 -15
-22 -1 -16
-22 -1 -17
-22 -1 -18
-22 -1 -19
-22 -1 -20
-22 -1 -21
-22 -1 -22
-22 0 -22
-22 0 -21
-22 0 -20
-22 0 -19
-22 0 -18
-22 0 -17
-22 0 -16
-22 0 -15
-22 0 -14
-22 0 -13
-22 0 -12
-22 0 -11
-22 0 -10
-22 0 -9
-22 0 -8
-22 0 -7
-22 0 -6
-22 0 -5
-22 0 -4
-22 0 -3
-22 0 -2
-22 0 -1
-22 0 0
-22 0 1
-22 0 2
-22 0 3
-22 0 4
-22 0 5
-22 0 6
-22 0 7
-22 0 8
-22 0 9
-22 0 10
-22 0 11
-22 0 12
-22 0 13
-22 0 14
-22 0 15
-22 0 16
-22 0 17
-22 0 18
-22 0 19
-22 0 20
-22 0 21
-22 0 22
-22 1 22
-22 1 21
-22 1 20
-22 1 19
-22 1 18
-22 1 17
-22 1 16
-22 1 15
-22 1 14
-22 1 13
-22 1 12
-22 1 11
-22 1 10
-22 1 9
-22 1 8
-22 1 7
-22 1 6
-22 1 5
-22 1 4
-22 1 3
-22 1 2
-22 1 1
-22 1 0
-22 1 -1
-22 1 -2
-22 1 -3
-22 1 -4
-22 1 -5
-22 1 -6
-22 1 -7
-22 1 -8
-22 1 -9
-22 1 -10
-22 1 -11
-22 1 -12
-22 1 -13
-22 1 -14
-22 1 -15
-22 1 -16
-22 1 -17
-22 1 -18
-22 1 -19
-22 1 -20
-22 1 -21
-22 1 -22
-22 2 -22
-22 2 -21
-22 2 -20
-22 2 -19
-22 2 -18
-22 2 -17
-22 2 -16
-22 2 -15
-22 2 -14
-22 2 -13
-22 2 -12
-22 2 -11
-22 2 -10
-22 2 -9
-22 2 -8
-22 2 -7
-22 2 -6
-22 2 -5
-22 2 -4
-22 2 -3
-22 2 -2
-22 2 -1
-22 2 0
-22 2 1
-22 2 2
-22 2 3
-22 2 4
-22 2 5
-22 2 6
-22 2 7
-22 2 8
-22 2 9
-22 2 10
-22 2 11
-22 2 12
-22 2 13
-22 2 14
-22 2 15
-22 2 16
-22 2 17
-22 2 18
-22 2 19
-22 2 20
-22 2 21
-22 2 22
-22 3 22
-22 3 21
-22 3 20
-22 3 19
-22 3 18
-22 3 17
-22 3 16
-22 3 15
-22 3 14
-22 3 13
-22 3 12
-22 3 11
-22 3 10
-22 3 9
-22 3 8
-22 3 7
-22 3 6
-22 3 5
-22 3 4
-22 3 3
-22 3 2
-22 3 1
-22 3 0
-22 3 -1
-22 3 -2
-22 3 -3
-22 3 -4
-22 3 -5
-22 3 -6
-22 3 -7
-22 3 -8
-22 3 -9
-22 3 -10
-22 3 -11
-22 3 -12
-22 3 -13
-22 3 -14
-22 3 -15
-22 3 -16
-22 3 -17
-22 3 -18
-22 3 -19
-22 3 -20
-22 3 -21
-22 3 -22
-22 4 -22
-22 4 -21
-22 4 -20
-22 4 -19
-22 4 -18
-22 4 -17
-22 4 -16
-22 4 -15
-22 4 -14
-22 4 -13
-22 4 -12
-22 4 -11
-22 4 -10
-22 4 -9
-22 4 -8
-22 4 -7
-22 4 -6
-22 4 -5
-22 4 -4
-22 4 -3
-22 4 -2
-22 4 -1
-22 4 0
-22 4 1
-22 4 2
-22 4 3
-22 4 4
-22 4 5
-22 4 6
-22 4 7
-22 4 8
-22 4 9
-22 4 10
-22 4 11
-22 4 12
-22 4 13
-22 4 14
-22 4 15
-22 4 16
-22 4 17
-22 4 18
-22 4 19
-22 4 20
-22 4 21
-22 4 22
-22 5 22
-22 5 21
-22 5 20
-22 5 19
-22 5 18
-22 5 17
-22 5 16
-22 5 15
-22 5 14
-22 5 13
-22 5 12
-22 5 11
-22 5 10
-22 5 9
-22 5 8
-22 5 7
-22 5 6
-22 5 5
-22 5 4
-22 5 3
-22 5 2
-22 5 1
-22 5 0
-22 5 -1
-22 5 -2
-22 5 -3
-22 5 -4
-22 5 -5
-22 5 -6
-22 5 -7
-22 5 -8
-22 5 -9
-22 5 -10
-22 5 -11
-22 5 -12
-22 5 -13
-22 5 -14
-22 5 -15
-22 5 -16
-22 5 -17
-22 5 -18
-22 5 -19
-22 5 -20
-22 5 -21
-22 5 -22
-22 6 -22
-22 6 -21
-22 6 -20
-22 6 -19
-22 6 -18
-22 6 -17
-22 6 -16
-22 6 -15
-22 6 -14
-22 6 -13
-22 6 -12
-22 6 -11
-22 6 -10
-22 6 -9
-22 6 -8
-22 6 -7
-22 6 -6
-22 6 -5
-22 6 -4
-22 6 -3
-22 6 -2
-22 6 -1
-22 6 0
-22 6 1
-22 6 2
-22 6 3
-22 6 4
-22 6 5
-22 6 6
-22 6 7
-22 6 8
-22 6 9
-22 6 10
-22 6 11
-22 6 12
-22 6 13
-22 6 14
-22 6 15
-22 6 16
-22 6 17
-22 6 18
-22 6 19
-22 6 20
-22 6 21
-22 6 22
-22 7 22
-22 7 21
-22 7 20
-22 7 19
-22 7 18
-22 7 17
-22 7 16
-22 7 15
-22 7 14
-22 7 13
-22 7 12
-22 7 11
-22 7 10
-22 7 9
-22 7 8
-22 7 7
-22 7 6
-22 7 5
-22 7 4
-22 7 3
-22 7 2
-22 7 1
-22 7 0
-22 7 -1
-22 7 -2
-22 7 -3
-22 7 -4
-22 7 -5
-22 7 -6
-22 7 -7
-22 7 -8
-22 7 -9
-22 7 -10
-22 7 -11
-22 7 -12
-22 7 -13
-22 7 -14
-22 7 -15
-22 7 -16
-22 7 -17
-22 7 -18
-22 7 -19
-22 7 -20
-22 7 -21
-22 7 -22
-22 8 -22
-22 8 -21
-22 8 -20
-22 8 -19
-22 8 -18
-22 8 -17
-22 8 -16
-22 8 -15
-22 8 -14
-22 8 -13
-22 8 -12
-22 8 -11
-22 8 -10
-22 8 -9
-22 8 -8
-22 8 -7
-22 8 -6
-22 8 -5
-22 8 -4
-22 8 -3
-22 8 -2
-22 8 -1
-22 8 0
-22 8 1
-22 8 2
-22 8 3
-22 8 4
-22 8 5
-22 8 6
-22 8 7
-22 8 8
-22 8 9
-22 8 10
-22 8 11
-22 8 12
-22 8 13
-22 8 14
-22 8 15
-22 8 16
-22 8 17
-22 8 18
-22 8 19
-22 8 20
-22 8 21
-22 8 22
-22 9 22
-22 9 21
-22 9 20
-22 9 19
-22 9 18
-22 9 17
-22 9 16
-22 9 15
-22 9 14
-22 9 13
-22 9 12
-22 9 11
-22 9 10
-22 9 9
-22 9 8
-22 9 7
-22 9 6
-22 9 5
-22 9 4
-22 9 3
-22 9 2
-22 9 1
-22 9 0
-22 9 -1
-22 9 -2
-22 9 -3
-22 9 -4
-22 9 -5
-22 9 -6
-22 9 -7
-22 9 -8
-22 9 -9
-22 9 -10
-22 9 -11
-22 9 -12
-22 9 -13
-22 9 -14
-22 9 -15
-22 9 -16
-22 9 -17
-22 9 -18
-22 9 -19
-22 9 -20
-22 9 -21
-22 9 -22
-22 10 -22
-22 10 -21
-22 10 -20
-22 10 -19
-22 10 -18
-22 10 -17
-22 10 -16
-22 10 -15
-22 10 -14
-22 10 -13
-22 10 -12
-22 10 -11
-22 10 -10
-22 10 -9
-22 10 -8
-22 10 -7
-22 10 -6
-22 10 -5
-22 10 -4
-22 10 -3
-22 10 -2
-22 10 -1
-22 10 0
-22 10 1
-22 10 2
-22 10 3
-22 10 4
-22 10 5
-22 10 6
-22 10 7
-22 10 8
-22 10 9
-22 10 10
-22 10 11
-22 10 12
-22 10 13
-22 10 14
-22 10 15
-22 10 16
-22 10 17
-22 10 18
-22 10 19
-22 10 20
-22 10 21
-22 10 22
-22 11 22
-22 11 21
-22 11 20
-22 11 19
-22 11 18
-22 11 17
-22 11 16
-22 11 15
-22 11 14
-22 11 13
-22 11 12
-22 11 11
-22 11 10
-22 11 9
-22 11 8
-22 11 7
-22 11 6
-22 11 5
-22 11 4
-22 11 3
-22 11 2
-22 11 1
-22 11 0
-22 11 -1
-22 11 -2
-22 11 -3
-22 11 -4
-22 11 -5
-22 11 -6
-22 11 -7
-22 11 -8
-22 11 -9
-22 11 -10
-22 11 -11
-22 11 -12
-22 11 -13
-22 11 -14
-22 11 -15
-22 11 -16
-22 11 -17
-22 11 -18
-22 11 -19
-22 11 -20
-22 11 -21
-22 11 -22
-22 12 -22
-22 12 -21
-22 12 -20
-22 12 -19
-22 12 -18
-22 12 -17
-22 12 -16
-22 12 -15
-22 12 -14
-22 12 -13
-22 12 -12
-22 12 -11
-22 12 -10
-22 12 -9
-22 12 -8
-22 12 -7
-22 12 -6
-22 12 -5
-22 12 -4
-22 12 -3
-22 12 -2
-22 12 -1
-22 12 0
-22 12 1
-22 12 2
-22 12 3
-22 12 4
-22 12 5
-22 12 6
-22 12 7
-22 12 8
-22 12 9
-22 12 10
-22 12 11
-22 12 12
-22 12 13
-22 12 14
-22 12 15
-22 12 16
-22 12 17
-22 12 18
-22 12 19
-22 12 20
-22 12 21
-22 12 22
-22 13 22
-22 13 21
-22 13 20
-22 13 19
-22 13 18
-22 13 17
-22 13 16
-22 13 15
-22 13 14
-22 13 13
-22 13 12
-22 13 11
-22 13 10
-22 13 9
-22 13 8
-22 13 7
-22 13 6
-22 13 5
-22 13 4
-22 13 3
-22 13 2
-22 13 1
-22 13 0
-22 13 -1
-22 13 -2
-22 13 -3
-22 13 -4
-22 13 -5
-22 13 -6
-22 13 -7
-22 13 -8
-22 13 -9
-22 13 -10
-22 13 -11
-22 13 -12
-22 13 -13
-22 13 -14
-22 13 -15
-22 13 -16
-22 13 -17
-22 13 -18
-22 13 -19
-22 13 -20
-22 13 -21
-22 13 -22
-22 14 -22
-22 14 -21
-22 14 -20
-22 14 -19
-22 14 -18
-22 14 -17
-22 14 -16
-22 14 -15
-22 14 -14
-22 14 -13
-22 14 -12
-22 14 -11
-22 14 -10
-22 14 -9
-22 14 -8
-22 14 -7
-22 14 -6
-22 14 -5
-22 14 -4
-22 14 -3
-22 14 -2
-22 14 -1
-22 14 0
-22 14 1
-22 14 2
-22 14 3
-22 14 4
-22 14 5
-22 14 6
-22 14 7
-22 14 8
-22 14 9
-22 14 10
-22 14 11
-22 14 12
-22 14 13
-22 14 14
-22 14 15
-22 14 16
-22 14 17
-22 14 18
-22 14 19
-22 14 20
-22 14 21
-22 14 22
-22 15 22
-22 15 21
-22 15 20
-22 15 19
-22 15 18
-22 15 17
-22 15 16
-22 15 15
-22 15 14
-22 15 13
-22 15 12
-22 15 11
-22 15 10
-22 15 9
-22 15 8
-22 15 7
-22 15 6
-22 15 5
-22 15 4
-22 15 3
-22 15 2
-22 15 1
-22 15 0
-22 15 -1
-22 15 -2
-22 15 -3
-22 15 -4
-22 15 -5
-22 15 -6
-22 15 -7
-22 15 -8
-22 15 -9
-22 15 -10
-22 15 -11
-22 15 -12
-22 15 -13
-22 15 -14
-22 15 -15
-22 15 -16
-22 15 -17
-22 15 -18
-22 15 -19
-22 15 -20
-22 15 -21
-22 15 -22
-22 16 -22
-22 16 -21
-22 16 -20
-22 16 -19
-22 16 -18
-22 16 -17
-22 16 -16
-22 16 -15
-22 16 -14
-22 16 -13
-22 16 -12
-22 16 -11
-22 16 -10
-22 16 -9
-22 16 -8
-22 16 -7
-22 16 -6
-22 16 -5
-22 16 -4
-22 16 -3
-22 16 -2
-22 16 -1
-22 16 0
-22 16 1
-22 16 2
-22 16 3
-22 16 4
-22 16 5
-22 16 6
-22 16 7
-22 16 8
-22 16 9
-22 16 10
-22 16 11
-22 16 12
-22 16 13
-22 16 14
-22 16 15
-22 16 16
-22 16 17
-22 16 18
-22 16 19
-22 16 20
-22 16 21
-22 16 22
-22 17 22
-22 17 21
-22 17 20
-22 17 19
-22 17 18
-22 17 17
-22 17 16
-22 17 15
-22 17 14
-22 17 13
-22 17 12
-22 17 11
-22 17 10
-22 17 9
-22 17 8
-22 17 7
-22 17 6
-22 17 5
-22 17 4
-22 17 3
-22 17 2
-22 17 1
-22 17 0
-22 17 -1
-22 17 -2
-22 17 -3
-22 17 -4
-22 17 -5
-22 17 -6
-22 17 -7
-22 17 -8
-22 17 -9
-22 17 -10
-22 17 -11
-22 17 -12
-22 17 -13
-22 17 -14
-22 17 -15
-22 17 -16
-22 17 -17
-22 17 -18
-22 17 -19
-22 17 -20
-22 17 -21
-22 17 -22
-22 18 -22
-22 18 -21
-22 18 -20
-22 18 -19
-22 18 -18
-22 18 -17
-22 18 -16
-22 18 -15
-22 18 -14
-22 18 -13
-22 18 -12
-22 18 -11
-22 18 -10
-22 18 -9
-22 18 -8
-22 18 -7
-22 18 -6
-22 18 -5
-22 18 -4
-22 18 -3
-22 18 -2
-22 18 -1
-22 18 0
-22 18 1
-22 18 2
-22 18 3
-22 18 4
-22 18 5
-22 18 6
-22 18 7
-22 18 8
-22 18 9
-22 18 10
-22 18 11
-22 18 12
-22 18 13
-22 18 14
-22 18 15
-22 18 16
-22 18 17
-22 18 18
-22 18 19
-22 18 20
-22 18 21
-22 18 22
-22 19 22
-22 19 21
-22 19 20
-22 19 19
-22 19 18
-22 19 17
-22 19 16
-22 19 15
-22 19 14
-22 19 13
-22 19 12
-22 19 11
-22 19 10
-22 19 9
-22 19 8
-22 19 7
-22 19 6
-22 19 5
-22 19 4
-22 19 3
-22 19 2
-22 19 1
-22 19 0
-22 19 -1
-22 19 -2
-22 19 -3
-22 19 -4
-22 19 -5
-22 19 -6
-22 19 -7
-22 19 -8
-22 19 -9
-22 19 -10
-22 19 -11
-22 19 -12
-22 19 -13
-22 19 -14
-22 19 -15
-22 19 -16
-22 19 -17
-22 19 -18
-22 19 -19
-22 19 -20
-22 19 -21
-22 19 -22
-22 20 -22
-22 20 -21
-22 20 -20
-22 20 -19
-22 20 -18
-22 20 -17
-22 20 -16
-22 20 -15
-22 20 -14
-22 20 -13
-22 20 -12
-22 20 -11
-22 20 -10
-22 20 -9
-22 20 -8
-22 20 -7
-22 20 -6
-22 20 -5
-22 20 -4
-22 20 -3
-22 20 -2
-22 20 -1
-22 20 0
-22 20 1
-22 20 2
-22 20 3
-22 20 4
-22 20 5
-22 20 6
-22 20 7
-22 20 8
-22 20 9
-22 20 10
-22 20 11
-22 20 12
-22 20 13
-22 20 14
-22 20 15
-22 20 16
-22 20 17
-22 20 18
-22 20 19
-22 20 20
-22 20 21
-22 20 22
-22 21 22
-22 21 21
-22 21 20
-22 21 19
-22 21 18
-22 21 17
-22 21 16
-22 21 15
-22 21 14
-22 21 13
-22 21 12
-22 21 11
-22 21 10
-22 21 9
-22 21 8
-22 21 7
-22 21 6
-22 21 5
-22 21 4
-22 21 3
-22 21 2
-22 21 1
-22 21 0
-22 21 -1
-22 21 -2
-22 21 -3
-22 21 -4
-22 21 -5
-22 21 -6
-22 21 -7
-22 21 -8
-22 21 -9
-22 21 -10
-22 21 -11
-22 21 -12
-22 21 -13
-22 21 -14
-22 21 -15
-22 21 -16
-22 21 -17
-22 21 -18
-22 21 -19
-22 21 -20
-22 21 -21
-22 21 -22
-22 22 -22
-22 22 -21
-22 22 -20
-22 22 -19
-22 22 -18
-22 22 -17
-22 22 -16
-22 22 -15
-22 22 -14
-22 22 -13
-22 22 -12
-22 22 -11
-22 22 -10
-22 22 -9
-22 22 -8
-22 22 -7
-22 22 -6
-22 22 -5
-22 22 -4
-22 22 -3
-22 22 -2
-22 22 -1
-22 22 0
-22 22 1
-22 22 2
-22 22 3
-22 22 4
-22 22 5
-22 22 6
-22 22 7
-22 22 8
-22 22 9
-22 22 10
-22 22 11
-22 22 12
-22 22 13
-22 22 14
-22 22 15
-22 22 16
-22 22 17
-22 22 18
-22 22 19
-22 22 20
-22 22 21
-22 22 22
-21 22 22
-21 22 21
-21 22 20
-21 22 19
-21 22 18
-21 22 17
-21 22 16
-21 22 15
-21 22 14
-21 22 13
-21 22 12
-21 22 11
-21 22 10
-21 22 9
-21 22 8
-21 22 7
-21 22 6
-21 22 5
-21 22 4
-21 22 3
-21 22 2
-21 22 1
-21 22 0
-21 22 -1
-21 22 -2
-21 22 -3
-21 22 -4
-21 22 -5
-21 22 -6
-21 22 -7
-21 22 -8
-21 22 -9
-21 22 -10
-21 22 -11
-21 22 -12
-21 22 -13
-21 22 -14
-21 22 -15
-21 22 -16
-21 22 -17
-21 22 -18
-21 22 -19
-21 22 -20
-21 22 -21
-21 22 -22
-21 21 -22
-21 21 -21
-21 21 -20
-21 21 -19
-21 21 -18
-21 21 -17
-21 21 -16
-21 21 -15
-21 21 -14
-21 21 -13
-21 21 -12
-21 21 -11
-21 21 -10
-21 21 -9
-21 21 -8
-21 21 -7
-21 21 -6
-21 21 -5
-21 21 -4
-21 21 -3
-21 21 -2
-21 21 -1
-21 21 0
-21 21 1
-21 21 2
-21 21 3
-21 21 4
-21 21 5
-21 21 6
-21 21 7
-21 21 8
-21 21 9
-21 21 10
-21 21 11
-21 21 12
-21 21 13
-21 21 14
-21 21 15
-21 21 16
-21 21 17
-21 21 18
-21 21 19
-21 21 20
-21 21 21
-21 21 22
-21 20 22
-21 20 21
-21 20 20
-21 20 19
-21 20 18
-21 20 17
-21 20 16
-21 20 15
-21 20 14
-21 20 13
-21 20 12
-21 20 11
-21 20 10
-21 20 9
-21 20 8
-21 20 7
-21 20 6
-21 20 5
-21 20 4
-21 20 3
-21 20 2
-21 20 1
-21 20 0
-21 20 -1
-21 20 -2
-21 20 -3
-21 20 -4
-21 20 -5
-21 20 -6
-21 20 -7
-21 20 -8
-21 20 -9
-21 20 -10
-21 20 -11
-21 20 -12
-21 20 -13
-21 20 -14
-21 20 -15
-21 20 -16
-21 20 -17
-21 20 -18
-21 20 -19
-21 20 -20
-21 20 -21
-21 20 -22
-21 19 -22
-21 19 -21
-21 19 -20
-21 19 -19
-21 19 -18
-21 19 -17
-21 19 -16
-21 19 -15
-21 19 -14
-21 19 -13
-21 19 -12
-21 19 -11
-21 19 -10
-21 19 -9
-21 19 -8
-21 19 -7
-21 19 -6
-21 19 -5
-21 19 -4
-21 19 -3
-21 19 -2
-21 19 -1
-21 19 0
-21 19 1
-21 19 2
-21 19 3
-21 19 4
-21 19 5
-21 19 6
-21 19 7
-21 19 8
-21 19 9
-21 19 10
-21 19 11
-21 19 12
-21 19 13
-21 19 14
-21 19 15
-21 19 16
-21 19 17
-21 19 18
-21 19 19
-21 19 20
-21 19 21
-21 19 22
-21 18 22
-21 18 21
-21 18 20
-21 18 19
-21 18 18
-21 18 17
-21 18 16
-21 18 15
-21 18 14
-21 18 13
-21 18 12
-21 18 11
-21 18 10
-21 18 9
-21 18 8
-21 18 7
-21 18 6
-21 18 5
-21 18 4
-21 18 3
-21 18 2
-21 18 1
-21 18 0
-21 18 -1
-21 18 -2
-21 18 -3
-21 18 -4
-21 18 -5
-21 18 -6
-21 18 -7
-21 18 -8
-21 18 -9
-21 18 -10
-21 18 -11
-21 18 -12
-21 18 -13
-21 18 -14
-21 18 -15
-21 18 -16
-21 18 -17
-21 18 -18
-21 18 -19
-21 18 -20
-21 18 -21
-21 18 -22
-21 17 -22
-21 17 -21
-21 17 -20
-21 17 -19
-21 17 -18
-21 17 -17
-21 17 -16
-21 17 -15
-21 17 -14
-21 17 -13
-21 17 -12
-21 17 -11
-21 17 -10
-21 17 -9
-21 17 -8
-21 17 -7
-21 17 -6
-21 17 -5
-21 17 -4
-21 17 -3
-21 17 -2
-21 17 -1
-21 17 0
-21 17 1
-21 17 2
-21 17 3
-21 17 4
-21 17 5
-21 17 6
-21 17 7
-21 17 8
-21 17 9
-21 17 10
-21 17 11
-21 17 12
-21 17 13
-21 17 14
-21 17 15
-21 17 16
-21 17 17
-21 17 18
-21 17 19
-21 17 20
-21 17 21
-21 17 22
-21 16 22
-21 16 21
-21 16 20
-21 16 19
-21 16 18
-21 16 17
-21 16 16
-21 16 15
-21 16 14
-21 16 13
-21 16 12
-21 16 11
-21 16 10
-21 16 9
-21 16 8
-21 16 7
-21 16 6
-21 16 5
-21 16 4
-21 16 3
-21 16 2
-21 16 1
-21 16 0
-21 16 -1
-21 16 -2
-21 16 -3
-21 16 -4
-21 16 -5
-21 16 -6
-21 16 -7
-21 16 -8
-21 16 -9
-21 16 -10
-21 16 -11
-21 16 -12
-21 16 -13
-21 16 -14
-21 16 -15
-21 16 -16
-21 16 -17
-21 16 -18
-21 16 -19
-21 16 -20
-21 16 -21
-21 16 -22
-21 15 -22
-21 15 -21
-21 15 -20
-21 15 -19
-21 15 -18
-21 15 -17
-21 15 -16
-21 15 -15
-21 15 -14
-21 15 -13
-21 15 -12
-21 15 -11
-21 15 -10
-21 15 -9
-21 15 -8
-21 15 -7
-21 15 -6
-21 15 -5
-21 15 -4
-21 15 -3
-21 15 -2
-21 15 -1
-21 15 0
-21 15 1
-21 15 2
-21 15 3
-21 15 4
-21 15 5
-21 15 6
-21 15 7
-21 15 8
-21 15 9
-21 15 10
-21 15 11
-21 15 12
-21 15 13
-21 15 14
-21 15 15
-21 15 16
-21 15 17
-21 15 18
-21 15 19
-21 15 20
-21 15 21
-21 15 22
-21 14 22
-21 14 21
-21 14 20
-21 14 19
-21 14 18
-21 14 17
-21 14 16
-21 14 15
-21 14 14
-21 14 13
-21 14 12
-21 14 11
-21 14 10
-21 14 9
-21 14 8
-21 14 7
-21 14 6
-21 14 5
-21 14 4
-21 14 3
-21 14 2
-21 14 1
-21 14 0
-21 14 -1
-21 14 -2
-21 14 -3
-21 14 -4
-21 14 -5
-21 14 -6
-21 14 -7
-21 14 -8
-21 14 -9
-21 14 -10
-21 14 -11
-21 14 -12
-21 14 -13
-21 14 -14
-21 14 -15
-21 14 -16
-21 14 -17
-21 14 -18
-21 14 -19
-21 14 -20
-21 14 -21
-21 14 -22
-21 13 -22
-21 13 -21
-21 13 -20
